63935	68696	3192	63335	8265	69027	67618	61570	82907	13175
99822	80005	55599	4978	8890	66457	51728	94011	13687	91057
6078	93482	8563	69609	87187	61694	83817	85699	44048	85593
37735	60378	71540	69138	34711	47383	93128	77257	62507	82748
49937	95121	1891	6937	68744	15528	50866	10757	47697	90935
52139	48940	68572	5504	91292	61442	40316	39191	59841	63643
43650	50427	59258	3287	87004	719	3295	65168	85387	95986
64016	19126	43955	29563	1252	79639	14052	68259	73054	77689
20557	26705	4034	4351	90716	54411	49057	97885	98215	31832
5649	78402	94646	16020	68414	36254	59150	98010	44016	15062
95349	88506	17933	14825	47528	70505	69870	26984	70827	86820
90763	61885	7376	57781	87721	48275	56519	26358	11118	76622
2940	5297	87894	23632	76909	88677	41759	48968	80156	89659
73974	1443	58338	51315	85625	85612	55131	76660	15207	66000
33310	28758	66588	99444	35080	26647	46830	69022	91689	50915
27075	26892	65084	91615	98134	95358	59093	95782	80958	72268
70035	51205	90186	88940	68042	12902	50032	81758	69245	19596
83589	68884	25482	58338	92739	97745	6140	76601	82666	70108
31654	6461	65785	31903	46773	89287	27359	79978	78804	89956
46686	66550	65869	89436	21127	56359	37347	26710	37268	26805
25035	93588	64472	38140	86341	66574	77206	9472	17573	58568
95066	8909	14925	99340	8943	52049	35094	98636	97055	50468
7126	82861	66122	83775	58015	2485	78546	16937	49262	55594
72707	47834	82734	93346	30659	93808	21542	99360	21075	19909
40492	17255	2178	67464	40094	90572	71677	75238	65323	12214
75906	61256	66272	39574	59906	96438	74382	50234	24636	15244
27388	6499	90425	45791	33097	62153	76203	27929	95336	50606
56869	14202	60569	78166	4619	78086	51247	16135	7290	71704
1572	85765	5587	70354	73923	31466	13162	64815	87197	78939
99879	17230	67324	18125	77498	77774	58663	10100	11462	54327
20601	28586	7295	1580	10847	87695	15718	11944	1835	2884
54783	8769	38978	15679	75617	11380	93203	82665	59299	74623
13096	88413	8605	64497	79690	36445	58855	85353	47236	48334
67128	87301	34376	98611	85539	41126	46503	78874	37723	2834
6451	24928	17420	114	70122	47656	48850	42204	27618	11770
5385	78577	99689	76971	17853	96630	77961	2668	16419	48296
18065	33647	752	70939	76777	73598	81419	48921	18841	40303
78019	54142	85151	97182	14992	1759	42759	11962	87886	72407
92085	93040	73648	27881	59483	3013	74406	70711	35822	21578
34118	20051	70772	62891	79149	94639	58877	55082	39511	44556
24680	32089	63369	81231	14742	67035	9201	64856	95459	15797
90339	5638	64628	60394	63481	66028	58959	89222	64974	36460
70000	93125	15551	76659	8842	32150	35852	43135	36053	32879
75169	23953	12647	83805	91041	95032	65778	91018	35230	86389
40272	11068	99898	7772	92068	55400	95317	14618	13046	43328
71071	44115	60016	81420	4596	69109	90736	79900	24363	43999
12156	87915	55086	26209	39944	7050	171	25403	64236	81220
97888	45824	49500	19753	90157	32799	70854	45786	52335	67110
64091	47650	44536	56171	31659	5518	43253	88234	50457	52079
5300	75003	69120	74453	25876	61902	35666	20408	6468	66271
26420	93041	5372	74514	29771	6367	60307	84449	47501	5912
27202	94503	99633	44259	57591	15784	34414	83735	30832	73265
98544	27760	39521	45852	98607	27326	26707	4080	54609	48929
79232	34991	33552	52728	68364	24560	54015	82253	42136	58530
70855	11630	58309	81510	47810	62884	11422	84516	18972	46752
65531	64241	94685	25106	43295	31037	28806	48622	21191	25157
96743	15978	68633	46570	84313	32081	58759	72744	70464	65044
64469	32227	4314	38831	82425	89517	7371	19026	68694	86745
40083	49560	599	39892	70280	1377	89745	6051	5526	52376
26896	47999	83536	61040	94067	66277	82436	41407	35129	44716
46400	82684	92596	74723	81362	72234	87375	96392	23821	29617
35203	64550	4531	50580	71697	82932	64483	3974	75905	52642
16025	13509	96097	34201	48726	30679	76902	12898	80716	70097
49730	54336	53964	24373	23524	4479	75083	80403	18780	1568
86991	34740	84031	4021	70837	89219	30125	60618	22598	19186
95671	21496	30740	16340	68196	37692	31682	98881	7140	77213
20012	48609	65524	84433	12285	26251	60076	99432	42057	55738
67052	54231	18804	97490	76572	77323	29415	63743	74412	13055
42813	14132	92632	98931	24343	10442	41811	84147	96022	82004
57139	47112	68933	28434	23222	9843	62670	71044	70701	14034
81915	38510	8934	96425	54692	39654	14606	93497	49335	64240
13176	985	33210	15311	63925	9682	31342	13006	82631	72037
33989	27401	16780	29319	10954	34	69119	39299	39805	76368
39407	92731	24474	70894	70473	34049	91553	83632	78612	35193
49227	89409	87370	86927	93241	53005	90109	65681	64566	41825
66092	85029	44255	97848	30861	39863	66983	87220	48217	32230
89813	96053	71665	86	84858	42182	61140	7928	37177	26665
98012	55641	37726	33590	84247	23700	88316	81140	87078	92110
12250	4646	73806	3015	53804	18977	20487	38403	46961	5582
91323	64028	50806	77939	51833	94813	41715	58455	33910	77840
27722	40931	77362	60260	56907	70214	94465	1557	51124	3916
49194	38745	1682	67306	72822	99827	72191	15854	586	22267
38646	84116	62423	56353	85327	23379	47680	44222	82370	38632
70765	15748	79379	27716	75199	1785	43936	32474	45564	66675
86196	32751	56564	11124	14748	19029	65616	19608	41412	19553
28231	687	32152	58766	98803	8943	93339	79680	19767	20891
14055	64255	26891	53237	59784	76282	12924	69595	83166	30359
96491	7451	51002	34345	14205	21686	37998	65505	70380	92082
51307	38603	28924	54096	30148	98531	13093	17040	99782	11028
58038	91947	21929	40213	63246	76274	25653	92413	66376	56131
13794	21982	4662	4906	46956	38845	65049	63812	71265	65754
20642	55652	89998	53481	46319	83345	86030	76352	34682	42882
89286	77448	57207	23477	63467	22862	57876	3755	21835	41486
60411	18437	48302	41375	92265	7105	85871	87227	20974	77924
24362	76426	31513	79101	81448	37926	7005	91404	53275	1697
78181	24420	28408	45715	57396	95545	99970	58607	43183	23022
1877	45633	72912	73372	46968	38398	71215	32555	68378	99637
63546	97520	14236	22972	84531	66270	53920	88870	27200	8437
79301	91360	83341	76152	90753	26766	38126	66451	48260	52767
17798	52538	99848	60199	25940	21021	76135	68701	12207	994
60143	26327	73886	62901	60615	8381	66492	87696	56851	96259
48872	29404	51244	37837	89105	97393	86488	5739	26665	98047
19869	34505	10626	65961	80950	73874	3631	42522	94508	39087
21886	97795	19917	35864	52283	76395	21829	92467	42163	79269
64739	40666	26914	62875	59720	47832	11998	24382	62246	43190
19425	87828	6519	55749	51339	61915	28317	33474	52419	34593
52510	90294	456	65248	65539	63262	16446	55866	44332	34389
600	29406	29607	61750	40067	19411	56287	72351	28032	13073
45042	58213	17985	63403	1984	48832	84472	93643	88359	37804
90258	59181	51739	81214	8568	12009	66502	91201	9762	3149
10099	29906	89077	28053	89380	56024	14115	1861	94802	17261
73910	85220	91906	17923	62709	10761	22714	48745	62586	53533
2669	97921	70447	58469	52616	59531	89629	44361	94794	11294
99758	16686	85975	76662	66640	80110	67087	11823	44614	25314
1110	65012	73310	99489	31286	47792	40716	52772	28613	59137
85482	54121	71917	43872	22696	88823	59107	10212	98285	64807
33193	24021	75032	29398	66168	12781	13016	26363	32101	19917
45276	73337	35763	81500	93574	14185	66409	44191	34045	38282
73106	98879	70660	92348	4431	16134	5289	80568	61891	66054
13952	54402	36861	21168	8326	43029	40576	4108	81349	71629
92195	24204	18027	79821	75208	43075	49734	39004	26719	16286
71578	20074	26145	27414	68718	84799	17388	87251	60057	95546
93030	1182	23706	30792	45419	57157	86335	61681	93412	82945
74424	52755	42149	17906	51571	46481	21063	97841	85561	85556
58552	50957	61757	14736	20587	43803	57944	72148	7690	62248
59040	66201	3424	47358	63722	30512	5441	67802	2627	48286
47843	79558	20016	44371	11501	92909	14557	75683	50673	75582
12624	7167	895	72859	54564	58028	91539	12389	60329	37036
44142	26247	53125	30323	78926	84185	57648	32552	13862	73630
61436	98058	47634	10217	62515	12935	27292	271	64889	57908
72974	56760	36997	48875	2711	86131	21558	85542	89122	53069
55150	28571	20984	57824	73203	11005	60187	81732	58264	38280
39840	70229	36340	38357	56675	49003	10022	95898	87666	58261
75398	70890	74697	43010	23217	8140	49259	27520	14463	99057
43938	82014	28744	62688	99647	67845	38426	9625	68554	38659
50150	90685	9429	9768	50570	29010	44134	96944	49893	15148
19908	92302	31958	92738	7184	15864	76501	16049	54088	35819
67786	63266	55774	57014	18867	74341	46846	96886	11166	37797
12578	24917	27299	97547	83733	37299	90853	87435	53905	67025
65992	92991	87327	72626	36762	16015	92085	90409	30488	62001
73453	73250	6769	53601	54478	33142	33513	48854	74711	15426
36589	80464	53359	5692	99488	95066	22676	47773	13591	76036
93144	3502	51313	69535	22627	93896	30662	27921	23422	4416
86404	17587	17809	24133	68641	54057	66578	67469	85201	48145
26235	38071	63739	78906	71696	80764	46204	31750	19850	22909
46269	21382	57566	17253	6976	27138	711	5946	25470	33438
37667	83694	78393	10998	42889	76593	8452	41022	19397	95731
34329	59781	54287	2466	49575	39506	26948	8708	55684	17825
90557	30967	58072	31830	84250	14456	42273	59420	53268	17746
48072	28382	90297	2988	77304	16987	10502	62323	38401	97104
12668	42632	71671	43091	19176	53863	975	49957	87133	77414
84741	91596	93958	40806	33300	84134	29337	36359	29284	23449
34811	93399	62513	66221	24325	50159	11373	896	60064	25265
61898	61990	36870	58281	40537	58148	99147	4722	6029	64735
37916	38698	54904	88900	91186	30289	40169	63392	52113	53529
7496	25635	53972	7736	66563	30799	496	27574	29178	4102
27512	65173	79338	60466	9206	10813	63531	43324	77772	24737
419	40748	37414	60513	42067	47426	84088	78597	34514	60985
54192	12530	25905	9477	91702	88427	52801	7437	98888	79958
70236	25199	65856	57609	47373	94226	91559	69806	87344	22060
81009	92698	62750	91216	68667	9847	52619	20002	30455	80218
98345	16613	73682	44567	66204	69090	78761	48438	34459	37703
70106	30836	72904	1777	22408	93683	56499	83644	73559	94951
49055	41428	34975	79636	20789	33227	61810	86979	16006	75965
43366	89509	66411	49490	98438	71001	66749	73146	85036	96761
38666	66916	20930	30205	8044	21629	6007	70446	88117	77555
94645	81732	48499	79945	86008	55636	82184	611	81789	98620
58827	27638	16068	58306	2101	70380	28873	51519	7864	33636
88978	94644	48676	16031	1115	48208	1756	64324	76866	45066
37367	87783	67760	74655	7638	57455	6101	80619	9133	85844
45490	94591	32621	90305	55882	14597	84030	92892	64876	79235
97214	75030	16194	13447	21534	62720	96641	80390	3258	49684
85499	86870	29933	35145	54451	20459	13881	31117	22576	39175
95954	58734	42802	83366	39410	27789	73854	99876	84388	21864
30980	95113	92640	15102	6426	66157	91422	17062	18719	56386
33746	31044	74753	31420	92097	22958	19497	41802	44423	22965
33914	75617	98193	60009	22952	14963	32263	87470	40664	40857
76038	64729	52828	98706	47858	66208	91703	81264	42253	29246
73259	89901	42357	54041	10517	67013	13046	16136	1116	74708
60193	77084	70037	19177	52430	5471	87237	82716	57395	40588
25948	43338	71570	85685	65332	17305	87333	2415	71718	54471
57782	64170	34016	60892	4603	99691	7828	37087	38895	73531
60831	81224	17842	93331	20664	81439	89238	56556	6056	65149
41641	83399	30172	65698	42995	31655	80967	98296	41848	59594
22840	44834	11500	13573	13406	28283	55440	72291	54418	88311
41364	75506	56271	96469	94143	6735	72192	26918	22726	87693
30084	37964	62711	84411	32444	68191	79997	71887	97540	51690
93340	15124	80123	25437	56452	93073	72068	4314	79520	41652
29587	51044	21261	48755	13083	97864	9926	36690	53152	22636
99651	1092	3322	81026	98412	91708	7958	41787	24245	51831
64320	47357	27734	5354	23605	47008	62682	9047	56929	81182
4467	64535	80638	37946	74439	50012	95649	37684	74140	48306
11798	346	94757	69314	99337	64554	52895	64731	50291	86129
29725	37283	11102	87489	87597	44570	80111	73445	2628	57576
11460	18582	65734	17276	69388	43003	45888	62326	82908	93821
88518	42923	39068	70711	55057	93027	55047	54711	37624	23237
29810	35439	23399	57667	97569	87891	28568	82521	41621	88581
16332	14447	39684	75936	41402	29234	33223	44320	51602	95681
89494	29994	72798	46990	10828	94293	57447	30755	84352	6866
86401	10155	66595	88485	13954	47520	81073	16874	43252	60732
92005	54892	34568	56280	91665	18058	81617	8678	22885	50326
95716	85867	75982	99784	43102	3071	46517	53981	45795	5767
75139	6269	35111	58408	68219	29563	64402	75730	93154	91887
64684	63284	58016	31732	51481	78570	72202	21148	98471	78586
62180	7223	67722	42550	59784	30652	74411	89950	9570	75152
53129	15761	24780	2354	4253	55212	12268	78397	9411	32506
79314	44475	6086	8488	83574	45424	95709	26822	45773	53540
2791	17583	73147	85263	28728	99064	77491	61067	30132	29490
89928	28387	41488	27335	93910	54925	24708	48380	4923	99996
42789	59149	64299	34043	18694	82594	29127	59381	67203	19790
51285	48534	57031	98024	10667	77785	38341	59910	92793	24610
76957	66436	42934	74048	8242	68660	68171	4844	82841	89664
44226	78279	15676	17842	7010	11129	69378	31665	23433	40808
87369	93391	91237	15641	40679	64015	97481	34521	54991	74572
71352	82318	73993	39193	89269	99469	59097	2418	89185	51285
6275	83348	55994	14912	79187	99124	2477	43899	89683	88703
13720	65724	66023	87994	60481	28676	76348	77123	30513	94091
64637	90528	85557	5028	41599	21041	63047	69420	61433	40547
56342	42574	52075	41136	94031	36215	90492	5635	69501	21787
20416	50471	20686	82194	28796	21521	25910	84856	23643	51372
58013	9800	17127	79897	36116	84711	38695	34259	52478	57678
14670	61262	8420	81572	60252	79861	81411	79744	71579	86153
86546	75085	35689	68990	27866	96654	32651	89405	96629	15353
86076	94088	51566	92460	12918	2601	14388	25295	67781	76193
25622	99131	11003	78097	93300	80070	44781	80996	53215	68327
10689	73807	84653	51537	96480	57146	72767	14199	46915	38684
96902	20731	6675	43459	88535	14709	97793	85881	95691	37443
11236	88278	38451	46912	68878	12075	7577	46879	10563	87987
18447	68169	60541	60834	51298	69075	71854	42264	72647	48139
73401	61710	94416	65283	1677	86906	56203	43567	65449	32084
11696	44369	47961	51675	17644	80737	41459	11726	72169	121
22967	50245	71486	53130	48614	46606	92362	16978	74169	98296
4615	35920	60984	79504	22516	72188	40428	30363	68271	67960
16634	30239	15047	80734	94463	14630	38640	38627	76115	22503
30262	81096	95886	11011	28139	86601	73876	66867	14093	76792
83347	93425	20058	77873	26725	40093	67720	58924	62302	82698
75568	484	67333	64454	91172	13496	20215	67042	92497	90967
223	26959	46244	7371	87417	25636	16899	78919	74541	83001
54563	48647	84688	39086	30800	62558	16310	32365	46353	98233
19652	95987	39360	92386	1414	31162	86897	93314	66678	94728
40481	4970	28443	27625	50028	81638	64247	88894	27424	66658
49249	44667	36979	92354	39439	51721	94656	43339	63288	48795
56838	27079	7580	35002	41461	66633	3579	93430	9505	21098
90297	41334	28773	50783	34415	30807	51855	21067	81706	80586
12677	75784	64985	37015	24073	25873	17852	32334	67173	44365
34108	30641	10320	80730	97315	32759	4357	35373	41929	96767
24506	13831	30677	94692	10203	28061	56996	94974	34079	44221
86043	84085	11233	10314	6647	49778	21916	70094	11651	93991
47748	74337	47758	99973	70979	68789	80551	10622	95864	1691
75230	74375	97714	62201	64622	5494	69422	34967	78298	75764
44140	5708	48635	77875	87019	55056	76590	41217	99151	96270
99525	73320	5029	66806	90146	71747	78649	37900	48385	12899
44863	46886	87906	86998	48012	477	72632	82926	6770	6824
95489	39698	19556	42828	47102	26075	10740	96710	86960	44253
76849	3300	61446	72048	41782	67859	83510	82509	77495	62138
3089	27975	86172	48726	29727	15363	30686	50934	58935	92468
51875	98995	15689	4184	3727	91568	18573	56245	48677	48291
81367	39489	91481	70529	38652	52394	4741	12571	56131	60591
31232	41410	37978	7397	93034	82313	67167	18399	4418	21844
50212	39930	79610	12521	53212	29572	52885	38141	361	31115
88759	56392	35105	94205	66358	6779	32994	24300	69339	40591
34200	53870	7896	77100	34802	23746	3553	67804	56098	60053
46668	40192	726	51439	4438	55566	72250	68622	85459	57773
30132	61700	20486	26195	16539	94551	9449	1326	51453	72260
97837	86361	33193	83014	99035	65592	39205	94785	8681	77101
78956	32954	17148	5872	19909	8959	4172	10486	77638	19242
94583	46135	44059	63124	16296	65769	40093	81054	20457	41979
43348	9575	80564	88496	1527	61949	75288	66408	9060	59080
45780	17434	6125	10825	67068	19203	81981	14108	20877	7612
3285	94597	54836	56485	10184	42053	99785	14497	83307	30644
34207	89541	38216	25508	99716	59439	6113	24605	34217	7422
47988	66639	159	41695	9764	71916	75195	81615	39294	53530
24138	26181	54120	8068	49894	70448	69108	65350	60464	77578
89091	33891	82352	38649	10219	57433	69112	9568	20682	68727
98650	65914	61129	78715	35798	98351	38007	92775	20323	27100
35398	62630	55044	72250	69437	27330	96595	60428	40547	34358
43303	10718	69210	27638	32834	40069	41561	30321	73685	69092
25848	45811	25478	33092	19739	7095	12739	36390	30272	93425
54031	83974	96780	27083	34990	32877	49468	86621	71805	78939
27976	4980	83930	63176	68245	15140	95572	67024	62276	53276
83468	47469	15770	84741	18533	97542	73604	40597	71057	31607
88966	38078	81410	57457	1976	34783	68171	7681	8344	35569
7695	95382	53067	22753	20385	79229	73784	89239	47849	29754
42877	26606	5967	19293	37072	28940	19530	21765	92174	38801
52881	82852	79116	58720	54394	37247	18286	70371	53330	69788
32210	4514	45055	11391	22254	74008	20085	70897	25666	42520
64761	67048	42337	87042	10556	65580	27069	81208	92102	60185
27053	26211	47968	41422	28112	51710	29589	42694	94594	37472
77868	35799	31380	56725	56475	74606	40857	32311	64001	6167
54719	59830	83335	48363	42374	21697	72409	18347	99178	98492
38205	81289	16456	85333	35927	31606	41246	76861	63709	44042
22446	96753	28829	45309	54250	90177	46951	237	44122	50332
6619	18903	70703	3097	71792	59630	13285	46221	95769	51963
14317	5014	72423	51883	16119	12194	32621	83611	29663	26894
11255	72877	89283	73917	9695	67651	29170	65770	50690	46603
39261	34831	3457	52038	59970	1694	26692	47487	87408	89321
1264	29499	70332	97875	37748	35313	22984	94450	34315	36798
21421	31176	48717	64739	9869	56262	16918	62024	10478	1082
42254	91645	8632	46539	98466	32140	22992	75466	41874	82357
75732	41872	75360	23661	66931	670	86606	84806	59503	43338
81674	2871	70795	66146	55308	6312	71311	85747	89999	9813
49985	7393	59292	50815	99838	30488	35841	95718	70155	2338
54447	93242	6483	94276	29341	82287	60490	29223	57081	18058
20672	39104	42582	37224	73172	69775	27273	28786	14341	57552
691	26530	11411	66018	69587	27838	74694	633	4126	38640
49095	98179	6004	13593	5080	36120	32153	8802	10122	18830
48708	49439	32654	11883	69001	16042	39125	72500	92301	16617
11152	36753	5507	18634	59173	58237	75962	86198	68189	549
60306	68738	84881	20833	68098	70734	86664	44691	40309	16442
16517	28436	57861	12582	96319	86224	19015	12491	85682	31207
13700	76216	88451	14453	23273	52521	93373	58100	25090	68988
97990	15708	15829	28861	96254	77249	49157	87445	62293	83629
75677	35541	56632	73718	86133	88266	86752	51483	77477	67297
90144	28792	4742	79601	73985	21827	54976	40590	40229	67077
89331	18002	74332	95567	13745	6566	13698	53589	1832	4555
31929	92077	42771	88997	47321	34290	72941	56164	70248	48509
74358	51406	89386	77014	27691	61376	98693	58503	58944	36201
73583	93691	43680	43656	23937	41933	36563	19653	83201	65510
36512	2633	55016	94340	50512	41471	90579	82189	17265	51341
38992	98133	57162	4321	54533	17517	90154	20283	17200	20678
54219	84483	87760	71825	30196	71342	94204	82999	79622	70143
67249	62608	50777	14103	7099	55520	21402	29765	85355	63502
2653	26818	69906	23371	68	29037	70601	82787	39003	55278
51704	51702	88802	75022	46003	64852	82476	85733	79635	91932
3759	25269	5414	5930	66195	73737	5752	79979	74283	5736
50426	16388	92545	58777	1323	92393	99636	41617	47264	62886
58674	78716	52530	84288	58929	44338	25008	36762	62481	25696
15431	51431	22850	66544	6847	43788	15520	20773	78799	24158
92317	5266	89424	33644	27678	39287	83743	8471	88837	13357
12773	37388	9396	22558	4142	60521	84523	15085	99713	441
61632	36921	876	39819	83380	92097	17427	8951	90725	40394
45270	34173	89713	1175	44667	42916	71627	59049	46938	73562
25984	42111	33289	90192	27377	36676	51180	66520	26741	42517
81952	40070	82523	5742	6859	82638	99774	99745	46622	5775
90951	99491	47464	74454	69803	25825	354	99630	60582	9458
675	20947	32101	13775	72843	61877	6614	58486	75104	52698
88186	15828	88074	64099	83761	44935	54259	59681	36820	41182
96150	57508	48721	48783	91556	21266	77979	51545	23509	23946
22433	89369	64960	53238	26644	38625	44666	98286	22466	16008
93896	61899	48328	97328	45542	60633	68315	9739	8585	66373
75771	19637	86833	96884	94557	45462	94413	85288	72630	22748
79390	34911	71797	27722	43719	21070	61483	80846	74528	49635
23903	92644	60452	70277	39228	8689	16047	50921	16549	57056
31198	48145	80988	35699	77196	35833	41048	22225	29316	52418
54903	29290	6944	54769	66874	26760	53261	91785	8192	62210
80469	37527	88988	84816	82513	5052	44655	1897	97834	71434
95064	37236	29309	23945	30924	19423	23479	19954	11466	71107
44202	82269	81088	9988	71399	29574	24020	68401	25180	39574
7841	45125	40177	56065	91535	86636	51525	60746	73835	22898
46109	38601	7305	84952	91	20596	94277	38241	33835	93981
4989	79569	26456	74613	60466	51649	98202	81169	64858	25098
44777	22290	38991	80661	61883	8698	78099	58189	30576	43252
86208	66861	90694	17194	73907	12918	8407	65024	76583	6981
44729	69446	90225	44007	85203	39397	88980	44964	19574	94205
62225	98762	32187	36626	84277	53973	85419	12972	89042	51814
37988	12066	33609	92536	78557	89701	12753	90128	3335	42502
58268	44230	55268	56861	10579	4640	88647	31150	38968	15326
58017	56703	8947	91246	45807	74874	6914	61457	39873	65820
70640	38558	67053	89263	10201	29791	92178	70829	84678	5714
10533	84687	55511	66297	70132	30475	72346	90621	39805	74492
30524	97402	9664	32896	69199	48953	25024	43401	81620	55099
79195	53375	10553	35588	39077	4400	32672	582	56839	58960
49264	50106	12871	13903	16002	37241	61620	72104	75240	87903
52796	95542	44280	81661	29465	72378	53532	41836	47614	61074
61711	18283	36409	33166	17991	33688	91163	54499	3832	69917
305	52747	34835	55229	54324	90605	8177	37969	16305	59759
74980	48030	43729	55858	24239	76894	62898	73273	13217	83084
4191	30211	27780	92272	21268	9853	46452	49950	41791	34526
65900	3624	5118	44556	82185	22774	21370	24330	51734	1551
31968	70971	85403	72918	79719	14699	61062	45622	55981	14517
75127	19452	39308	30726	9146	68467	95097	44363	56405	26134
65731	26887	77967	77496	26445	81270	94559	19214	52687	29963
46555	28052	61049	85716	61705	17333	45343	19866	31614	81928
18864	17809	23924	69903	76368	13128	39350	54080	75653	39927
15463	65117	77887	76232	26657	44032	99434	13870	25875	91457
50653	78114	83644	25831	99005	48543	3595	67913	13738	89034
94066	3053	68669	67814	76349	33390	66644	35580	1380	96628
32301	74737	84631	57572	49151	58029	67901	21376	86670	71796
95588	58452	77901	87663	26117	14531	63629	3825	32550	41635
71670	3655	71349	79944	38837	8329	6366	9646	68578	5251
23949	17550	94734	18816	22995	34700	97598	20563	23917	91739
26925	96321	61055	34191	20657	23714	34978	1201	53804	97355
88307	27379	41788	21096	73499	21137	99076	70113	58687	74942
8185	33066	87436	64185	84521	82629	93488	92607	7931	85939
82750	28536	75080	55757	76881	64467	83728	34585	38120	34344
77541	96360	66411	18093	50130	53144	60915	24139	77131	79068
32488	24885	98381	41376	49355	99697	32798	36476	38880	38779
56684	66184	71626	47828	2480	16678	6790	6903	87781	5673
59500	54097	4825	92058	15150	63550	66415	22304	90131	59342
99314	35674	807	97375	34591	48141	49453	68212	86011	43121
82331	66300	53758	46154	19332	98271	93917	59593	4709	3318
7207	86221	90048	57254	87809	24814	69504	13052	80403	89060
98512	66097	47763	5238	6573	55857	21014	7237	11886	75723
77801	17032	13229	74133	95067	36021	48766	70818	33067	54428
67536	71462	72433	83174	59316	3255	24142	22003	2086	39020
31395	71520	81065	7652	13473	4052	72003	47917	21516	63382
1209	67959	62897	85023	96349	24899	70660	72337	40191	97409
12756	59498	69357	32313	51117	19272	15792	67462	53652	80201
2761	28081	13953	73627	84078	5219	3158	61209	25617	84616
13221	75662	91102	19412	88052	58585	60090	42981	55503	77165
13209	46860	20416	50732	17297	83070	85703	50433	26582	63219
39377	88902	136	8096	33881	25899	75608	11605	98567	36942
16029	43312	89575	3875	68676	33536	34532	29659	13418	68670
80554	48331	73406	50715	99609	66553	12146	26258	28398	20173
58223	84710	12963	90410	74713	29093	22613	38001	62630	94706
9724	66369	11421	61839	27461	50686	62134	8183	96025	44033
11870	77039	16957	76586	36964	99753	55887	79469	4682	70969
95532	20406	93168	13874	35948	56320	31470	30217	2199	33480
83301	95267	61483	36441	4036	61574	64650	72944	66831	80929
28894	53069	59392	30833	17018	3858	26300	19214	86981	6900
85889	6800	18595	49932	5252	6561	79315	89595	31439	6171
14914	53152	92402	44043	6512	7134	96688	53278	61705	54694
40172	54277	21166	3665	4609	31912	55884	72694	17710	92158
24558	78920	98370	42663	83829	38691	66803	101	43587	46041
90504	70072	44258	56618	74097	14941	16524	55372	87726	23511
79	853	74042	27358	48465	99342	46991	91973	80112	36067
63952	20973	25228	56676	74424	7120	90495	68548	6749	82298
41468	55412	41984	44907	45468	37344	80742	5801	56294	99721
40756	24676	97433	56313	82311	80474	12951	46317	6521	33628
29673	9175	7975	33265	94536	97787	15545	72806	1776	47524
57617	29437	44411	34263	32929	29869	67776	78466	77723	26490
60079	80539	45493	15340	39333	52093	20387	12800	13308	38813
79566	47645	17196	22896	79141	18100	39621	57484	9214	79717
76210	30086	80163	36795	30196	53505	37341	98232	8741	74193
41744	75373	3597	2667	60543	41274	30966	83331	43187	27103
87656	90374	26798	56219	88583	96359	1194	640	65658	4879
25551	32675	95015	1192	76429	73337	88561	9849	99225	85311
69436	60767	53017	55563	76291	56843	24202	74007	53690	14631
96333	49538	90166	75684	44254	44592	91050	9018	58961	70839
98388	2475	93695	70105	65489	78736	1762	11370	54010	99433
6115	74656	46765	30749	6383	40464	17582	18660	76816	20168
76631	46138	69169	33275	1282	48670	47613	78715	24425	81608
68739	16437	406	91804	14515	45197	38018	70958	33011	51228
38613	45889	26154	12579	52961	1052	58483	48028	24175	77778
57075	44409	98236	22204	88868	80269	94383	36400	93709	90309
52746	73693	10968	40243	29817	40310	55194	80589	33101	1765
46115	31997	14577	25111	87181	51666	1777	12987	76142	32743
10762	22621	2332	94290	64487	9130	49988	69985	78700	450
30724	37841	84578	48751	55952	71196	77135	33689	65621	60057
48959	50317	48824	47331	11580	4164	21839	96792	54979	65839
52947	60283	44211	15194	26681	58154	11939	46398	43264	69138
92285	32082	2188	33314	87480	38055	48504	58466	25058	3643
34355	50188	46175	57696	50957	46506	92424	97542	26716	94195
71441	18105	99352	29819	45429	90261	2884	84005	50403	56880
81546	4268	74496	36353	43117	182	66398	79110	42850	85218
85782	42877	63812	3439	66963	70937	42718	57683	45009	73712
46759	29492	98511	2415	45981	21408	94150	98355	21043	63033
52321	41894	45204	98030	76209	41057	46946	97779	96269	79875
89471	8940	14295	48047	23699	93579	4681	42051	17283	82359
59389	86669	21956	21357	33490	91656	1547	65074	80844	62393
36603	69970	7897	25148	41690	64992	22288	62580	25303	27243
36422	56385	53416	65258	25105	7457	89709	58086	15571	31063
57279	39820	55899	95107	14933	91530	93813	79788	8369	26552
45365	51904	44599	42999	65773	58116	31735	95640	8449	60470
12691	92799	26154	33746	34825	57175	89144	10350	27826	89548
99556	81791	13131	11955	39596	74968	89364	85790	9326	51055
3727	78354	55463	6590	8578	44007	6369	49731	97150	54932
96970	70345	68560	67091	80997	60674	77452	60752	45714	1977
74439	97632	45242	2272	91305	53394	75768	65263	61731	6301
61463	70094	84112	79264	2303	47270	80547	9598	5695	99724
26875	44978	53014	8205	72434	23224	61158	17223	25651	14239
25513	67665	20683	27399	6126	32771	80916	72548	69363	2850
51181	59379	38383	25102	96639	19321	77918	34596	75527	97975
20000	21427	1062	96719	22723	67861	77341	89651	82578	7839
78321	74871	55544	70619	74241	41995	21972	19530	41640	50601
18622	92467	23239	66317	74020	83602	59347	34763	47308	96385
73155	32277	69740	38254	33986	39712	32103	30861	57217	6355
81659	72515	78871	65960	84330	1761	68357	59110	35540	95831
97927	30907	5652	53247	28083	50754	43757	81573	5126	50869
99563	36217	15684	60454	25426	24956	71053	17556	36167	75750
55791	22448	23398	91856	11127	953	23259	57246	18691	1281
96765	91662	37913	22299	79054	88734	6126	72582	75	62042
62767	28826	33012	61565	62701	4076	94635	56194	88430	20627
5544	14305	20003	80805	94077	57374	30067	85423	21556	36909
36079	86014	46733	13540	1678	48531	56458	68986	66335	97004
4990	16884	334	69705	83557	28617	25023	36095	70866	81606
51550	48340	84477	43283	77647	82349	82948	6787	90864	58118
78731	23245	8516	55460	68145	14385	31488	44356	11327	92683
57484	16208	56347	974	18065	26827	29096	96085	89213	67494
89548	78671	2742	36852	832	16222	5976	85780	471	4285
17273	2931	79711	92850	52123	61628	88764	33383	83971	93174
25868	75357	17600	434	42907	9370	64381	54798	5277	94752
49005	55180	65054	13474	27779	7531	86754	11748	37633	8979
76679	46240	94480	90486	59824	76021	65035	69184	4830	89450
33333	17851	20097	22391	57047	60841	62979	94723	52417	80736
55873	35236	75314	66819	7087	75428	21612	21362	52710	96856
82278	87329	78090	4049	1854	15451	69587	36243	39927	20390
22453	74032	83837	68441	42553	63088	80010	81553	36175	46971
6306	82433	25697	56294	70979	64727	2106	25231	56088	86583
31067	13048	87507	97234	90321	81908	91922	80397	90004	42133
37491	28774	36118	69378	9711	45479	82680	30731	89623	41925
78743	87116	61000	36106	92151	93207	31427	14810	118	98217
91723	69158	15227	53554	14099	64850	97788	90832	92955	14778
51834	24370	40588	63402	75021	15893	74926	25811	65160	97815
39038	32641	18654	24788	53428	36586	96997	74441	60788	67758
24991	35492	46649	48756	43600	72469	78653	45049	99761	36467
28742	46183	36270	5328	7499	92143	12133	99338	24721	13980
72371	75860	33409	39998	62905	75058	16015	26553	90058	81468
725	86895	24272	81192	73164	36323	95635	17767	96172	35912
76222	90775	41777	58344	98140	55751	22438	87442	5992	2916
70594	17377	75933	35059	37293	65503	61033	84278	60089	83266
85368	24979	46794	53371	50084	88139	81740	85779	54103	19449
81690	21011	97573	478	77009	23851	35595	55844	28271	84615
64417	45517	1225	96666	51462	48805	41879	90120	16976	24054
86107	75486	46779	31607	20336	17848	59160	19849	46236	76791
21925	43042	32718	99836	63150	16672	702	76216	35735	79337
61809	61170	22443	27982	88295	47516	60250	24655	66720	34864
66647	27693	74073	22645	99508	39675	43085	40472	22773	35412
38114	21060	11548	74120	24323	36640	55257	26668	3106	94338
18892	56260	30197	52007	55129	65302	3854	63372	20618	38028
11061	42904	65779	31265	56383	53639	38	36852	79077	83016
1450	9886	32235	67512	93908	1321	7404	1064	41585	16780
38698	59985	64301	23783	17748	63611	96806	44369	39251	95752
25535	85696	46634	64859	62377	10851	9247	95642	64814	63763
31953	97990	56048	92297	75837	22794	97744	13616	28473	22478
62156	65687	63218	37485	99838	51658	70219	16524	24627	24112
22793	5462	77445	65889	51662	48730	26469	58449	62	24807
13986	29579	42457	62435	96682	29114	97193	62380	58091	66480
35498	79132	36040	55637	79177	73981	97341	48995	10498	87377
9782	41918	86393	43928	50953	40360	9153	85487	6343	21289
36530	5224	86864	26742	60404	31636	90550	15432	80076	58693
63292	48774	92572	26632	2257	16390	76316	39546	30082	83744
3161	54083	73595	39736	14236	34216	30321	1176	31921	85959
46409	55676	22060	6805	76931	66383	16723	203	9130	73624
19143	9481	47156	28430	3758	24773	2610	58865	21764	35695
43895	65996	80825	80003	63410	34490	23464	57471	65116	98220
49793	6812	5681	46662	23365	45627	72703	58998	85054	85661
92927	35284	4561	13917	47184	42529	17905	80600	87057	37221
7482	4700	36043	21204	24776	49264	24105	77767	70930	47141
90729	71876	44043	38987	51381	24236	19975	37099	80309	35643
25478	3174	86185	29026	23902	14943	99828	67345	64592	58052
5648	13201	32096	40321	28427	34617	19231	31209	86720	70759
96445	55813	69992	23166	30034	22288	17507	79468	35111	50344
68252	24966	19962	26402	95077	56023	49893	88306	56901	6912
69943	88388	10288	72919	35493	13845	72715	70096	16664	7279
4494	18343	91847	99061	62052	18374	39756	96647	39579	74873
77438	29218	85122	6455	45319	94643	79355	72083	68950	73661
50919	87392	23535	50175	1410	11400	61426	96251	19921	56664
97118	4207	17491	63234	86874	89066	18692	41411	60040	53825
25087	55051	95520	51755	68011	14394	62422	29171	16797	36287
1333	31131	51017	33123	79294	55771	68504	44865	52171	97191
74357	91447	60489	71012	14338	24582	10768	97603	28431	64106
21398	44782	11494	94011	19448	40936	60843	42044	77098	52700
46079	85441	18152	1520	22639	68526	57000	84985	89227	83292
4865	10639	29672	90257	35579	71478	23624	51490	7407	94198
91130	45973	97078	39651	63257	62171	81624	23925	43627	13503
28187	85799	92871	11345	46173	12297	70700	58914	63344	69764
40224	81405	16699	82100	13153	72274	57084	16018	14173	49899
78306	21908	84528	34687	83746	35091	35416	88742	54428	28088
62158	90239	43243	60175	15804	85850	38313	41475	19869	84539
75376	94178	46226	77504	97459	68378	45528	9783	24967	55341
42642	99169	9481	48322	455	93579	38712	12731	27081	36095
57329	67125	7486	14096	14821	41387	21334	52213	33032	4974
64172	63279	86120	72542	27703	94204	14288	92174	5947	42797
75260	33843	89248	2902	33418	26240	27300	93196	42957	44319
5557	89107	8335	71775	42404	17765	54348	67541	72712	7181
24065	63532	51337	70997	12627	14377	23370	53908	87674	95305
94906	6465	60703	990	42140	50541	42620	61169	79030	2707
43314	46174	82792	42404	89819	23173	56564	10934	74669	47479
7864	23283	35794	3253	8388	19068	59844	17395	95249	12919
64702	93525	6683	93245	81286	1605	96494	26866	71910	20966
28785	67174	25409	64014	59475	23676	58009	20676	27667	24287
29002	54521	83462	10809	93330	97256	67013	28320	19970	80340
56129	26660	9299	27355	53395	35505	96365	46157	53044	39362
71796	68983	95905	77038	56420	79729	50608	32577	84740	90819
96209	90807	32650	45429	2799	87530	22419	12306	45630	40489
2879	2121	28982	40102	23659	82892	36479	62120	78641	34817
55062	87416	63959	93585	78511	67398	69881	86179	36249	34502
46323	32207	56049	63548	97313	35224	88592	52880	32957	10773
50687	20992	39228	6303	47288	85389	73246	12334	80598	94928
42766	15547	43445	32130	75116	11133	30451	50195	13186	51503
6789	4687	43355	76797	23892	42037	99219	6891	56230	92657
1969	19201	42749	93802	2830	58160	29157	11568	34106	53920
6887	8383	593	63898	21717	28499	24626	15005	64154	29353
75746	26486	59975	91194	46452	28111	26612	28850	85946	26802
56400	99435	27598	25415	20146	30	8111	75257	65786	95132
23203	50174	63711	52488	66715	52470	50958	18480	98856	30478
29350	18064	66039	8228	34255	84980	64433	70778	98205	44998
29899	31065	55815	14906	73372	33861	50439	8063	48825	56577
50018	62875	91131	38944	11474	52759	38799	69558	91619	53334
32595	67287	27009	54013	33154	48192	27946	20709	27352	60302
94401	96780	96483	29179	65339	96863	68611	48402	3851	84255
76348	57719	64609	51669	66446	83635	30194	32358	31724	40313
88317	94722	80884	61683	81337	99650	87140	40015	21851	59479
54972	46828	17874	95598	85429	80472	67081	31418	53510	75547
63566	53310	77378	46858	64460	38198	3250	47577	71997	50217
21293	77600	97083	24766	96700	96954	93993	6099	36574	99066
83920	66686	3839	10441	77124	92665	20407	49811	84405	47246
17362	8586	12823	77092	18669	83300	65050	17075	32219	95872
7151	59763	30209	87021	65243	60614	61632	96463	49294	97851
54293	44250	38533	16505	31827	91966	59548	35306	69415	79766
55699	56536	63965	55679	97957	92981	24021	22605	15368	10917
917	5323	60184	13283	4009	54259	19285	63753	13230	35135
40094	28152	84509	58217	46056	33528	9787	23873	76051	90783
29571	71695	35954	25527	42038	62186	30430	48997	82540	28418
61077	51459	32381	15791	74838	40045	14020	89279	76904	39691
23191	10628	68930	8466	42204	67541	94147	17654	17065	44030
72069	45375	14887	31263	95832	10844	98557	96553	97347	9579
23949	42440	69453	5013	92814	43626	10952	22577	50735	17855
80765	60949	21929	80497	87039	33791	86386	73601	52001	4507
46611	85994	1606	95454	21098	57592	9688	57116	42785	60996
27347	23965	87300	9987	89791	5597	59209	39655	27622	32737
59474	50170	95850	59408	7750	13036	49991	67424	48138	33590
19799	17817	77160	90999	89562	93910	33029	12382	10137	42635
7023	96754	79748	87399	39130	2121	3412	45226	60816	54124
93368	18347	324	40992	53851	94112	95657	26515	44806	13930
35131	42759	88582	17106	71327	30212	62044	62971	44973	22643
71968	47197	93590	4300	83853	6852	57879	62391	13334	7568
18433	33564	68150	91504	23675	65139	57992	61643	41673	92911
81514	83549	36165	53467	4488	37947	85611	13134	38993	70541
28150	53571	19222	51695	36865	31131	52326	27032	36757	55269
54291	74391	81899	85967	44079	98771	85187	15953	19522	74158
43922	62693	48905	67816	94043	12000	34133	56571	95768	46568
54213	4350	53319	87123	43586	3620	26189	51828	60504	84249
54195	49931	46008	52484	30040	96266	72273	30216	64930	39846
43934	81856	30166	19691	85927	66314	81374	63110	90006	21415
91434	36088	58435	35060	7976	47557	34206	85699	55739	35861
305	58894	97636	3675	27810	97671	15711	94261	83556	15477
68432	68715	62583	354	39133	45428	98014	40395	80156	83609
4454	17674	72301	92501	80623	77346	6685	94181	39888	2202
92171	36262	9676	88490	84291	19579	97606	57366	77470	15956
84575	17879	20715	85123	22946	39103	75386	86824	28400	262
73992	38109	36128	20652	35725	63515	56613	20569	90837	11932
74914	91533	96502	6013	5428	78179	27799	36446	63827	18054
50905	34885	89669	45859	66904	84349	97277	54711	30268	83884
20224	35462	90708	75583	90965	99476	54178	8605	35236	4315
78321	82170	19783	76111	10234	48194	75430	69823	23604	36710
58079	94474	1618	436	57004	54093	12519	49694	12080	6380
6088	30837	35571	12184	60120	52785	11062	85322	84850	89349
61276	37015	97321	26669	76	20436	6422	482	56838	83039
37310	43845	28268	24724	59677	69752	44410	37799	468	32936
18831	20226	60869	6149	64519	91938	96117	97810	20208	92287
77380	95207	9087	92658	6866	68307	46425	50512	62283	77971
22764	9572	79875	3913	17845	60553	44044	53473	60532	43120
92501	28764	81670	62181	43008	64739	35680	84690	76627	37594
86376	16689	8183	15228	20614	78922	51036	20388	19394	34853
15258	80526	34493	95173	83103	33845	66469	50563	45465	62907
81680	97599	92168	31065	51105	97260	51868	32633	36926	56765
52424	35959	52764	85162	47001	34337	69230	24246	37173	45348
4807	33097	68627	9297	75260	39281	75620	21147	58489	12404
32678	48688	39152	11430	26270	9861	30886	87208	23712	89764
51607	26403	14312	79404	76193	45788	18221	47283	78927	25226
68557	17214	59876	39758	17516	29204	35143	60461	25505	21678
8401	13515	64558	33599	23983	99065	49130	6823	73200	62319
25001	76198	12679	8074	47530	81070	85168	28899	57853	2925
49752	7386	18655	81550	47936	87432	34004	75817	2058	97302
49078	75437	87097	27771	75776	9822	8017	22426	66017	32996
68769	3702	3635	31371	90371	70773	53359	61724	78042	95944
98227	90752	29961	97788	76590	46209	89705	19695	98195	39118
60658	6837	10136	65416	33016	41812	13132	3034	82237	10824
68143	25460	53838	83308	26994	60173	44247	36415	10598	83515
17573	65511	5116	2338	55976	96759	31196	92770	93774	26795
83661	91002	22608	69860	13228	76798	67178	51979	18405	78668
7760	10018	21769	23562	54357	13824	24374	47979	63576	69194
14180	12040	70688	51930	96120	31799	55719	13056	4781	78564
43504	14363	82038	43599	86064	89709	38809	22951	81348	7879
95380	64060	98000	24049	54242	68311	75558	33009	54856	56273
98835	30066	96547	88797	58358	28779	62165	89499	3507	41146
61252	28970	86229	3519	8831	60826	8067	86641	45999	12761
61178	44666	95020	63461	34367	78134	62524	16022	72798	57991
60552	72183	9450	82308	19018	47129	26652	99305	83593	19927
43970	93859	29973	66131	20371	58547	57788	63450	13441	40015
3977	21893	72909	11523	76422	4353	66577	60358	79301	59624
1765	24361	13350	9326	96911	27662	16680	94600	49405	88195
17119	57892	30256	80613	52318	50102	49911	87181	95327	72915
83064	14264	32064	9384	29688	81390	99800	97372	5023	37138
84247	95885	50896	65325	27171	71581	17784	38951	64642	28536
14111	87731	14186	56123	18828	54712	59652	17801	86546	69437
32738	30232	27836	21966	47085	20966	43320	30876	22787	68281
94870	71448	85082	72288	97903	28463	37586	57431	87849	81620
83113	78728	35230	59924	42827	65304	68604	85557	3922	9238
37958	30599	40479	79826	59655	62574	94146	26606	46003	66564
73753	86549	87569	52537	97981	37711	14043	41204	88127	1118
86803	42559	2378	28647	79226	49959	51982	73049	32617	6518
59793	42065	47558	45669	10712	31066	40526	15057	4695	65027
62990	40965	56159	38311	57391	15990	58846	29995	71701	93106
82486	60439	63528	47939	51102	20279	66844	60832	64878	60102
84634	68376	28602	72670	16211	22205	30226	63722	11263	47986
74752	2559	24481	95415	89300	86197	49241	326	31241	45363
83185	29984	44591	40315	49911	68723	3276	51776	16727	48676
65621	48209	16849	47761	19490	27315	54855	32348	89320	61861
51609	44763	55163	34205	51232	83582	56245	75020	11514	23414
68026	63172	18524	31949	51431	18830	13171	26690	23050	41023
33384	21158	77237	55694	77224	43790	4897	29857	42150	81576
69901	41637	9005	98638	34863	4625	43058	26300	8971	92478
40790	91672	77421	71169	68730	20365	57734	82108	65549	97934
84403	79917	66774	56369	73797	45271	75360	75779	61873	44466
62611	85217	84402	74427	38084	29584	56245	34291	2520	37712
30472	8026	14131	26830	72574	47345	27302	54960	79119	23017
66636	53008	94120	46247	82185	89021	46475	98236	69323	21880
76891	35739	79557	71096	22395	73234	96202	14570	35183	49769
18494	35468	31109	37307	95782	65592	84529	28050	21350	98495
30627	77058	77808	98422	31785	50167	71684	15654	47610	13345
34490	5162	77946	23525	53601	45462	86342	83212	93323	71187
61353	27132	1352	44167	70881	87175	12921	54510	20613	24146
57013	17483	76177	60270	40665	36655	50797	71344	65211	13015
90393	13688	68156	48498	79544	76378	37977	91323	30067	54996
78619	43533	16762	34206	50290	16433	3482	97282	43031	62433
27433	2420	74730	36419	15143	98021	84914	4696	6675	82993
20837	67209	33083	25934	98441	61853	90088	37483	58434	33660
57993	91994	93465	24566	58280	52971	87845	9890	64394	74699
48317	41618	2091	2754	57002	40634	41429	11710	86161	53436
23005	72956	6631	73323	16857	21779	51225	80596	97059	39570
62193	40066	38420	93137	64167	78144	35984	55131	78998	33683
51722	96341	19526	37329	49780	46123	99306	32060	44793	44995
23082	51201	2218	89153	85129	64112	8888	47589	89805	50348
64339	32886	48192	16471	81762	49719	8425	85618	51083	1625
4023	70075	71507	84547	22793	90594	29356	45806	30190	78074
92349	44252	94111	66610	43075	80478	32314	85414	88746	69562
86309	59997	25287	76518	91020	98399	49927	51490	77594	47670
86261	62990	40309	24877	38830	8239	20350	89543	91511	33171
52901	67825	67400	89368	39832	2605	20384	75224	38258	6170
85171	54983	69938	33679	41837	1812	48056	16592	28127	77083
13876	45054	70496	34003	16652	25530	86657	75310	85057	12262
79925	77774	18076	40644	31948	30112	44727	18935	33513	7351
64039	26213	2259	34928	70792	40865	79863	20260	10545	3151
72531	86004	17798	1383	64858	74093	8153	39540	30062	2715
68869	30747	66799	87718	26573	70848	16933	38112	87606	73187
24849	40371	87877	47522	12525	2338	48995	83395	11906	94511
72771	547	41481	12170	45695	16792	93471	4610	501	17251
19523	64240	36381	94975	59827	97655	33908	86581	59267	89702
19031	88374	72577	84191	40233	78086	28132	94628	20771	38876
78143	28109	28640	3099	67187	51368	158	54966	91536	77582
48430	90620	16931	10855	17090	3364	10061	56372	54317	28886
67812	74265	94548	75513	45380	93243	56037	57626	76228	64898
64369	63702	5396	10202	24502	35006	61586	67915	59794	60836
42840	90110	98273	99997	69503	83680	84541	35370	25533	99216
45021	29984	48968	84186	43346	98629	18646	36013	12941	48955
34094	24970	42659	62863	99401	91638	75455	98619	81751	6534
506	8219	40165	28385	52480	25673	83759	71626	81960	91095
60107	40117	8301	20381	54987	42849	16034	7513	30362	65771
78299	14894	62759	46780	14269	39134	94581	71032	95773	47634
86508	19161	81223	52117	19589	87581	12395	77879	95853	44054
11194	86414	99523	60134	16007	78262	84333	52322	72865	55866
65419	43395	37677	6699	89660	73103	21017	62723	72787	43476
74298	28991	19177	56043	67559	23872	31799	94888	82196	258
26593	97447	42891	54193	85852	33286	48240	69423	86389	69361
48499	33897	31479	59037	95913	21674	91685	86993	2484	93241
66730	21990	97696	24185	67687	84958	51730	29748	92690	35290
96786	36409	56725	25770	32882	32418	90238	42765	25153	21640
69432	24170	47838	53499	21825	94679	57460	97112	66857	31321
71001	40223	90344	56343	65603	76082	34552	15228	93737	49263
58904	70479	24991	98935	80986	99462	19351	2337	38310	76626
68742	27131	67414	62043	63426	33428	16954	78561	81039	32401
1281	78534	79317	50861	2543	718	21899	10082	399	43848
19608	33699	25651	34980	73423	65761	65893	56994	31380	22731
9555	17210	23751	70994	68586	68815	22594	25401	6719	69617
27846	37168	52718	24096	16666	91298	18610	89596	38355	11074
74468	89417	87019	88395	29859	79328	97849	41495	30578	83582
59669	57065	92119	50371	73227	99075	51036	29489	87726	59069
5489	42224	95517	93356	11140	8824	50112	64523	61284	16767
1271	22743	8959	35775	12684	53424	59040	25028	35868	15086
88957	6633	56639	75840	7565	41140	10090	62990	59494	29247
13234	30451	36193	56882	42833	45126	92113	7608	92030	46385
28944	99789	27834	12314	12036	2669	88755	28503	4732	1846
88496	30783	15906	30452	7703	54532	94364	52258	17094	39399
48919	83623	28648	8212	54257	57867	64279	29114	56204	26450
19555	60140	68291	61107	11277	86584	52104	21826	33227	81686
62331	13618	81347	37305	74498	86141	30794	59304	37740	1490
75542	46589	98591	87196	24714	38682	56873	78551	87270	18312
98053	68557	61291	18474	67577	25900	28028	85623	77246	37014
22269	60698	38877	58713	56328	65336	9156	22998	1758	67776
74904	1187	49642	23358	7093	95850	24612	87409	76511	14645
93991	20266	67142	81724	64724	75063	7504	11540	81868	63385
39513	45052	63567	26855	51350	8502	8254	49997	37991	93913
56361	92001	49656	30793	65119	50177	82111	28083	54051	58445
68488	40397	37744	11337	13142	90268	69401	95101	80697	41328
43519	88025	7590	19913	73490	30237	96489	94708	13879	95602
33644	93844	44454	99416	9229	2798	22458	80968	8452	87009
65456	80505	53410	32822	21660	4754	91761	95140	97645	2448
58766	20255	6200	94112	63864	55076	65965	12432	50936	51866
71809	72645	72951	42603	89694	99009	51641	47192	23359	69438
64427	62437	70436	44784	55277	26906	33276	53856	16592	7419
14050	26492	56874	74072	99795	65754	67338	2840	10246	50483
32400	54180	63483	26575	51216	51089	97171	71415	83995	23490
72731	85008	49939	12544	54455	89796	68906	74795	54173	56425
79451	5901	94564	79459	56241	9215	77770	64881	49766	65562
92326	33482	93757	78308	77694	51007	70918	70082	40776	39971
84758	98872	53969	17638	70508	72694	57989	1320	1679	4526
80433	98450	2055	5027	49486	41324	26537	81671	90024	18952
74743	48499	73589	21960	13654	91287	27445	6368	96215	47998
29211	73536	78950	740	71855	80322	17215	57994	12818	72797
84133	96303	98825	70693	79046	63041	35805	15927	36543	33189
92015	6669	13069	55362	17800	86724	86362	94694	33111	46774
28211	69296	53133	56729	4090	74620	12860	26803	56942	91307
26842	14876	82145	36500	14278	12588	53296	75997	74343	71806
59031	38089	69557	59285	34465	72687	65147	46630	89620	58438
92743	47777	13773	59037	39036	405	98380	99679	17894	71988
67096	98580	48684	38303	48091	25817	64464	45712	77470	79968
5473	53306	56241	84751	48480	24225	73327	98003	39860	89810
61744	53728	44359	82259	33347	97980	55382	715	57620	9945
5174	26496	7073	19675	30670	73862	53862	95548	78160	82172
81164	82564	3520	43510	29706	94332	21490	10411	61872	99702
60226	18129	80355	86001	49086	14693	33970	79022	64912	23045
62582	23685	40786	70387	99374	33402	27805	26355	80590	80822
88173	63446	14351	32138	85973	9778	49983	584	10290	5988
73150	89491	17504	57663	51635	92532	11817	66938	85415	3030
60562	22379	72750	94287	35392	79557	31954	90294	6656	97962
55193	14858	94481	25975	8518	70389	63778	45237	53683	49061
74378	35006	87174	6868	54321	49922	70552	29336	25974	92202
52770	55759	17897	30133	55514	36676	49674	22464	91041	14119
89323	27815	31742	22790	47321	68667	29519	29104	47914	7239
18404	72057	98814	53851	48344	79560	36087	8839	83108	70163
79164	20612	4092	34157	71181	37392	55614	45210	14757	38260
77626	79346	55097	24222	41904	54982	48693	81183	14200	27162
60054	58122	5088	82904	40533	35707	42983	70215	53352	80261
56489	99567	11278	51765	10671	76556	8685	62718	45014	92282
27714	34655	47224	14282	28095	94464	26812	96431	87394	9928
24747	15867	67172	63737	40231	57845	4104	61750	70263	47989
7703	86923	68722	49997	2468	95057	78754	76039	78065	27536
40335	9093	69088	32018	65630	709	13078	32584	60121	2953
93491	99088	13531	889	78390	76951	51077	17069	69257	72542
51581	23506	21847	9117	92375	87775	62880	12692	82722	60121
7394	6176	67385	83462	16179	71809	20190	88940	55973	74932
78408	92369	26853	34392	60728	43562	82981	28412	99138	65290
49050	3927	4469	18908	23381	33207	16797	18976	43512	29580
44269	86652	19935	9348	42135	69358	47723	46831	2914	7900
23814	18310	86283	66871	98990	88887	46815	94145	2177	61490
20808	26956	36109	55151	57117	23144	83412	69183	76754	56348
51678	10495	60323	95666	71711	26296	304	60837	51235	18154
29355	46327	7005	64991	7713	53717	64019	40979	75664	38276
15430	63785	23252	27540	35691	82252	11103	69739	9384	86460
81463	95434	34724	69370	80562	9525	98871	80949	92917	87574
54825	37277	70144	56068	68466	20661	7643	5554	29894	85929
72328	83321	64642	12218	78155	62014	5461	68924	27870	35655
70093	95440	14049	88386	35342	78680	49059	75139	19122	68134
21281	74472	26834	9645	68455	47667	16439	86747	91635	85116
85600	18386	64525	61236	44706	58275	50834	66188	77626	58989
89214	9628	1718	11837	12426	98999	92639	81994	10833	54490
62763	51078	77042	9373	9835	77880	71344	25647	53814	46323
66348	67162	37433	22661	47242	96152	6707	52282	90102	10644
66321	67348	69348	66065	39535	92797	31941	30911	70057	56086
46200	63983	73053	15089	61258	98490	72859	29725	33252	24334
26441	43857	8820	98948	44454	1720	80394	92542	98600	20344
72050	40245	9783	9553	99869	12908	10402	7740	5601	54688
27397	7404	66659	56281	63715	32254	35659	17277	71368	4285
12878	16180	20988	36159	15277	71239	99224	92426	21369	79744
85874	85388	93575	29148	91662	58190	7080	50797	26318	64160
3823	80401	47941	81804	58243	59842	74130	36478	17316	25384
60607	41053	48381	99601	26546	16231	80580	46336	52037	30959
52432	6329	98930	10378	91695	70509	7269	19848	28307	94527
24354	58747	13699	82357	60251	61326	45548	44660	58086	23395
98428	19312	81787	62327	86586	19904	15126	2482	90533	93696
37746	57539	28875	45177	13286	95880	64843	98516	88595	44965
9912	68135	61110	79279	74120	40705	88587	66583	86679	32788
76457	33621	34113	70538	63003	86958	19715	94048	1787	91972
3087	13406	53926	99306	22963	81624	54657	18911	64207	40002
86084	82301	47761	60903	79989	1299	72598	10567	59510	22552
16386	25856	59310	51230	19841	48067	8946	81299	41843	99949
14352	23322	72541	31977	78927	18763	73378	97722	71839	31802
96762	98083	73976	89433	69590	92533	24724	91632	67561	77757
12267	54558	89995	95841	77302	15391	54360	95042	98307	85266
61542	91056	77454	72301	69018	25436	84350	90808	55666	36374
33513	99943	10721	81443	96942	77807	33118	12330	47430	35012
57874	31580	37840	50042	8861	93707	536	50890	89405	71265
11034	31157	75683	84829	68508	54781	62729	41261	7449	92428
54923	80109	53962	55504	9052	17798	93420	60840	74229	37560
68202	56164	48878	9203	5706	1750	46410	36524	43013	55333
9825	74469	4259	62721	95607	63738	79679	6875	25582	8881
79002	36544	11782	9723	7045	20268	86905	63726	75681	20385
23956	7856	28363	4193	54572	86262	28758	63370	31639	4222
99615	7830	80815	69658	15779	12485	55223	72246	89131	37922
53746	901	43842	24703	49000	39942	40840	14228	78616	59034
43133	66062	79967	13083	24807	55620	74328	97171	35389	92596
92034	39530	16999	78852	87918	19088	9257	83242	53372	25821
74226	33010	64318	83620	85280	32986	83101	16140	11704	57788
84697	10143	68874	38759	43978	99728	61178	30444	22730	17577
254	9811	79606	98721	23531	16385	32146	28759	24739	70296
27538	94382	69794	40552	62852	73485	9734	79026	74738	34041
56577	51046	87965	18318	89944	61648	85301	28262	11949	94154
19712	86499	31425	23976	36740	73363	54189	64721	44701	57406
77785	69857	56889	22424	23654	30547	77060	11935	5389	86612
25658	48885	26273	20607	65235	95176	75962	45202	9881	1739
17980	93845	5119	41361	82003	65821	98999	24152	74927	81035
42925	47547	59364	97441	68316	40384	89589	12397	33425	66375
77008	83900	25930	36435	4447	30067	84208	45493	82859	90576
33122	57934	18749	90352	896	7058	81740	25104	13762	58868
650	7246	86206	61600	87114	30382	64707	31254	1597	63630
73818	78064	14080	95703	98310	19662	47120	48082	33038	1264
98460	52110	66168	69873	94177	62236	17172	87150	68168	27418
30150	89133	12838	79480	3912	16342	1612	55637	58117	57630
80372	77606	49940	72400	24074	3532	47518	26755	10864	98509
24977	3094	39452	20940	37899	65316	42622	81200	11593	27275
4613	58967	81628	21794	77995	38027	32188	80409	87153	98744
81479	47887	37848	71919	40105	529	23981	38342	94221	37113
52346	48415	44693	56461	25535	81994	26521	51722	91223	67564
86068	51088	63954	14659	21778	7590	25129	28556	5529	15119
44584	55767	83219	99141	50154	69261	83631	39024	17057	20895
59603	86212	50601	91516	10008	77406	43994	39172	73853	99274
53914	68007	4313	59301	65455	34838	15410	79051	94604	48869
32189	3462	16414	12095	26459	92726	61629	71524	73352	18571
78277	12315	54309	36439	48838	20893	30634	48073	76021	63612
10257	94593	68322	64227	1364	14856	98040	61596	78488	28830
1040	50962	63516	18866	22073	85542	27750	82421	75075	63388
54399	79656	85105	40799	65811	468	40913	97587	27005	2599
77756	88452	37934	54120	22068	50408	25368	37503	76029	62856
49739	73038	42155	2995	54159	8621	53212	7396	93745	70867
24794	2876	18613	98846	37175	37819	74421	4422	65341	29275
25905	42120	2001	68074	72016	60862	64015	39692	81399	66480
22887	28177	89440	78071	43279	17274	6349	35015	14434	44854
4661	6886	74122	52049	16018	58434	12791	17176	81087	52923
49375	25420	45368	76558	51326	91843	75229	97771	6780	19929
42842	21316	25261	24434	52111	44820	26983	11065	38991	29596
58031	43354	57886	34278	96448	21147	44778	732	24851	67441
60394	74600	93009	64549	34529	40718	40672	80230	64273	1803
73415	3109	81094	96035	9001	85744	99048	55472	22857	93060
34182	39078	25004	25165	32894	46219	72103	83453	8157	57579
32412	21005	85162	88236	24831	55953	25206	17198	57788	87451
38170	21663	94429	69437	57772	75762	18043	33966	60827	45383
40264	39817	15600	64196	25437	9145	39982	22718	8565	90395
59335	99411	70857	78189	78690	28036	1813	95386	24076	52798
67706	7653	18573	36092	47832	44111	71213	58124	79963	55030
63071	34305	49481	20512	9755	66084	1824	21053	29436	74223
55374	32541	51317	20252	43131	3585	75688	17116	20822	32948
17063	92866	3411	5412	24789	71576	50872	11842	95287	36335
62215	42415	28923	35961	12368	43472	17159	39837	17464	93188
65126	58157	29056	46255	35062	67678	69844	99791	99011	19425
51546	10407	2696	73081	13231	31357	79112	26716	22896	53623
88720	76499	61990	47001	22452	51021	89118	7203	63087	79772
33823	10100	64529	53968	83211	53963	60871	27679	16670	44063
33824	6324	82427	5917	17342	90829	18518	33883	37160	18123
46261	54073	17975	61109	63677	84393	83638	55398	23583	21614
7734	21310	51959	6236	70506	34483	69025	47910	50877	54663
50624	62315	29868	57770	16254	36960	3379	66890	93392	51849
482	78792	98068	92876	83120	93680	36733	5383	43545	68451
87201	56487	22181	80188	29455	8800	2494	34238	63498	31049
14789	92318	73851	62137	60810	2549	65981	58735	28055	11491
16336	10073	91319	73410	98022	21310	85903	69724	79840	10048
76406	83936	15563	6501	45033	79047	43291	33817	61493	93255
52683	17503	17998	39683	57076	83337	8348	83704	82347	17677
40247	25233	32889	53566	66033	52676	31219	48160	74651	23381
91619	49827	21169	32507	68800	65529	65	96388	76155	62611
22480	98578	14392	6873	49639	66318	50073	32716	29458	33051
75876	57324	9035	22913	10670	22790	11824	57164	16818	18023
41154	77311	42211	68901	20640	6327	31396	17536	3601	38469
67306	5155	7749	73142	17969	92437	59316	35709	64491	25899
38355	36715	26383	66673	25008	20769	28553	57080	9633	4803
32018	57542	95458	88784	85461	41509	58346	90040	944	72919
69971	6206	35397	67357	51719	29307	38691	96170	57043	3858
62904	47902	10192	38989	27992	69131	40871	48770	72082	84805
79939	2948	46673	74052	68769	82705	9095	39527	51236	73789
50372	12226	68233	36999	7546	5237	9016	53412	69321	57032
76495	43758	79302	24717	83579	65386	98718	70920	39582	70591
51511	3109	52552	64315	46465	55009	39080	70298	37601	37048
39270	76789	44572	2553	17820	51640	93489	93456	91030	83736
61435	87327	44984	2016	22095	21258	93020	62650	54135	11222
46370	30318	3405	69991	75506	76591	10050	21134	8157	63409
6984	88236	75437	90129	58867	30431	86860	1674	44998	80741
20620	33579	45026	78692	24166	41431	1524	70011	44174	3296
14679	95071	14598	78626	77024	37020	97694	63059	73232	99761
29927	15453	55400	59951	86308	74778	78362	70059	24517	44540
72846	13735	20431	11461	53215	40445	50124	16372	38039	76274
98365	94279	1585	5867	72952	49088	5806	69852	2590	62288
55715	99277	2846	31590	39331	22337	48703	17565	57827	80594
41583	55130	14593	9176	67364	18141	88584	84353	73662	37366
42142	38437	65661	91327	93545	76528	36461	53749	19573	63192
72954	31319	12891	96896	97939	61601	73496	57001	47969	86077
38379	73543	61654	91725	87850	48259	1369	76646	13345	96908
50904	66199	25610	39538	98820	99905	46961	24317	63140	22389
68359	41233	20592	85131	86816	24122	17719	89420	5727	8126
15217	65443	45309	51666	11866	56501	57973	44415	68692	29745
68442	94498	15350	70960	18807	30922	40317	51828	26589	14509
32020	5650	45566	81577	70219	17473	47098	17259	2958	85478
35253	48621	2235	13255	92822	85214	99022	61833	87262	69068
35570	17100	62454	92056	45607	6518	3070	19196	75621	42074
48391	42164	86724	48223	13554	66240	72043	6939	77371	7102
84674	95448	13356	43060	60420	74104	16102	23348	49706	24440
90028	39024	77356	27785	2183	30907	6320	86318	74889	61672
7552	69129	37866	82822	36390	61871	15835	47169	44243	91753
4981	69289	57775	85585	96817	49190	15042	46222	30631	29653
54444	76386	91670	92574	21538	11889	84138	90027	10956	87666
48531	53954	15446	78728	33981	3470	21834	24136	66755	62414
39624	19304	39102	12599	95782	27439	37101	91984	88512	30305
76676	57246	85607	89677	57114	6052	14012	81615	28458	41808
10059	19348	65176	71878	79970	73186	83814	98634	77330	79543
19630	69186	21008	19815	57878	10181	44590	78715	52450	12041
38478	62329	69904	93571	34171	75021	17192	25757	62948	96460
57030	54136	48253	546	68691	23627	42085	52090	20397	85447
5339	85794	68092	14342	28120	82943	52451	48906	72078	56051
22530	77327	5612	80715	15696	7514	17186	18155	765	73837
14055	36713	5966	8207	4281	28331	40046	26136	51247	55358
88653	44646	9718	1372	24144	55235	28139	56332	18735	30775
18078	43312	47467	63718	59612	4137	97109	51362	61210	65567
85440	39480	31293	59687	81548	36052	32434	79968	35989	1649
36438	60634	85949	53808	17879	1331	96824	18541	64591	77505
38917	20334	36924	18532	47769	79814	1942	86671	7445	77691
78800	23559	99929	12534	97219	85362	97801	62752	38702	14735
73334	91457	49306	53123	38666	92142	7748	11051	64919	42898
2221	56151	95234	29531	44878	40891	59004	79318	78136	47646
86302	85607	86258	93593	88795	961	39083	47684	7849	67056
6283	22310	72702	9925	5042	83274	51622	58200	27332	34549
1004	38678	6096	56444	91273	69322	33762	15030	18124	24838
40216	67379	11786	82422	22245	82633	56024	68704	63253	34080
77049	20562	36797	72894	53958	80493	60756	91897	31763	37543
86006	45397	57784	86134	94561	24580	87204	98748	8157	48390
91365	58549	17971	51642	37865	3133	92192	11486	98236	95467
28603	6523	95156	15062	27960	37441	85845	96891	3763	31888
85751	77040	13829	37382	31218	25194	21158	54248	72201	87566
90347	84930	56846	21538	56431	26277	87138	26831	92207	36258
92779	77717	79099	31125	26587	69352	58760	51395	5020	70784